57424173834
74245343406
38230937780
59849103458
34185474714
17692912726
27045902526
52166837266
73755549780
62564873360
88869636240
24547224606
98474293028
51970385390
25357483658
98335964692
19332163918
90292821766
82426649810
83922367932
53233896964
36710433142
99288792790
71699604350
96796435010
53274085396
85694692694
56466206128
16932713574
15815698700
15267074428
76070432942
63396129212
99447867284
83666364068
52136188206
83632198932
32725522772
94336988156
69475048238
91372787262
29125338676
39474637474
74746949022
28624416700
30716144040
98559545752
26396789190
32308177146
22967601878
53492893216
63653979390
19596071356
43390482452
46128732362
68693294502
28000842970
95701489070
57622259200
46913410840
56501962408
41920770550
88554262358
30546483722
72846631502
30148201212
56616965240
88557499904
66733139974
49955754446
64965943758
57621315426
64582625198
52915689634
87121295454
50929900240
12204816318
36368186438
12257475654
52490176284
22160791604
24866024710
84175770302
48871761484
57713345386
43449202154
88677314880
99973841000
68048172714
66885130614
51915276882
75039822916
24443639184
69701820126
25122837730
44251034070
23590251850
42779802324
25061899448
38208383106